aelaunch.dll|1|1|19980120173914|32768|0|20
AoEHlp.dll|1|1|19970926024532|32768|20|40
avi\|2|1|20120527142424|1|0|0
avi\Logo1.avi|1|1|19980520115400|2378752|40|1500
avi\Thumbs.db|1|1|20070530222702|3584|1500|1520
campaign\|2|1|20120527142443|1|0|0
campaign\Ascent of Egypt Learning Campaign.cpn|1|1|19970926024536|1315091|1520|2340
campaign\EXPANSION 1 RISE OF ROME.CPX|1|1|19980520115400|1062706|2340|3000
campaign\EXPANSION 2 AVE CAESAR.CPX|1|1|19980520115400|604455|3000|3380
campaign\EXPANSION 3 PAX ROMANA.CPX|1|1|19980520115400|733906|3380|3840
campaign\EXPANSION ENEMIES OF ROME.CPX|1|1|19980520115400|700246|3840|4280
campaign\Glory of Greece.cpn|1|1|19970926024538|987900|4280|4900
campaign\Voices of Babylon.cpn|1|1|19970926024538|895236|4900|5460
campaign\Yamato Empire of the Rising Sun.cpn|1|1|19970926024540|962575|5460|6060
comments.txt|1|1|19971005144302|965|6060|6080
CRACK.EXE|1|1|19980513082242|4371|6080|6100
data\|2|1|20120527142616|1|0|0
data\aggressive 3 attackers.per|1|1|19970926024540|2635|6100|6120
data\aggressive no defend.per|1|1|19970926024540|3754|6120|6140
data\aggressive.per|1|1|19970926024540|3754|6140|6160
data\aoe.ply|1|1|19970926024540|4189|6160|6180
data\Archers Bronze.ai|1|1|19970926024540|2885|6180|6200
data\Archers Iron.ai|1|1|19970926024540|3314|6200|6220
data\Assyria Ballista.ai|1|1|19970926024540|2902|6220|6240
data\Assyria Bowmen.ai|1|1|19970926024540|3095|6240|6260
data\Babylon Scouts.ai|1|1|19970926024540|3784|6260|6280
data\Babylon Swordsmen.ai|1|1|19970926024540|3467|6280|6300
data\Border.drs|1|1|19970926024540|269138|6300|6480
data\Cav Archer Iron.ai|1|1|19970926024540|2911|6480|6500
data\Cavalry Bronze.ai|1|1|19970926024540|2960|6500|6520
data\Cavalry Iron.ai|1|1|19970926024540|2503|6520|6540
data\Choson Axemen.ai|1|1|19970926024540|3858|6540|6560
data\Choson Swordsmen.ai|1|1|19970926024540|3550|6560|6580
data\closedpw.exe|1|1|19970926024540|29184|6580|6600
data\Death Match Assyria.ai|1|1|19970926024540|3382|6600|6620
data\Death Match Babylon.ai|1|1|19970926024540|3686|6620|6640
data\Death Match Choson.ai|1|1|19970926024540|3435|6640|6660
data\Death Match Egypt.ai|1|1|19970926024540|3758|6660|6680
data\Death Match Greek.ai|1|1|19970926024540|3789|6680|6700
data\Death Match Hittite.ai|1|1|19970926024540|3118|6700|6720
data\Death Match Minoa.ai|1|1|19970926024540|3104|6720|6740
data\Death Match Persia.ai|1|1|19970926024540|3984|6740|6760
data\Death Match Phoenicia.ai|1|1|19970926024540|4005|6760|6780
data\Death Match Shang.ai|1|1|19970926024540|3478|6780|6800
data\Death Match Sumeria.ai|1|1|19970926024540|3125|6800|6820
data\Death Match Yamato.ai|1|1|19970926024540|3615|6820|6840
data\Default.cty|1|1|19970926024540|11000|6840|6860
data\Default.per|1|1|19970926024540|58|6860|6880
data\Defensive.per|1|1|19970926024540|4257|6880|6900
data\Egypt Chariots.ai|1|1|19970926024540|3243|6900|6920
data\Egypt War Elephants.ai|1|1|19970926024540|3116|6920|6940
data\Elephant Archer Iron.ai|1|1|19970926024540|3165|6940|6960
data\Empires.dat|1|1|19970926024540|181610|6960|7080
data\graphics.drs|1|1|19970926024552|16871914|7080|17380
data\Greek Phalanx.ai|1|1|19970926024554|3115|17380|17400
data\Hittite Bowmen.ai|1|1|19970926024554|3184|17400|17420
data\Hittite Horse Archers.ai|1|1|19970926024554|2991|17420|17440
data\Immortal Assyria.ai|1|1|20040310103228|2244|17440|17460
data\Immortal Egypt.ai|1|1|20040310103152|2518|17460|17480
data\Immortal Greek.ai|1|1|19970926024556|3366|17480|17500
data\Immortal Minoa.ai|1|1|19970926024556|4301|17500|17520
data\Immortal Sumeria.ai|1|1|19970926024556|3396|17520|17540
data\Immortal Yamato.ai|1|1|20040310103348|2538|17540|17560
data\Infantry Bronze.ai|1|1|19970926024556|3581|17560|17580
data\Infantry Stone.ai|1|1|19970926024556|3294|17580|17600
data\Infantry Tool.ai|1|1|19970926024556|3671|17600|17620
data\Interfac.drs|1|1|19970926024616|26925693|17620|34060
data\list.cr|1|1|19970926024618|4172|34060|34080
data\Minoa Composite bowmen.ai|1|1|19970926024618|3959|34080|34100
data\Passive Aggressive.per|1|1|19970926024618|513|34100|34120
data\Passive.per|1|1|19970926024618|5260|34120|34140
data\Persia Elephant Archers.ai|1|1|20040310103442|2783|34140|34160
data\Phalanx Bronze.ai|1|1|19970926024618|3239|34160|34180
data\Phalanx Iron.ai|1|1|19970926024618|3266|34180|34200
data\Phoenicia Elephants.ai|1|1|19970926024618|3633|34200|34220
data\Priest Bronze.ai|1|1|19970926024618|3223|34220|34240
data\Priest Iron.ai|1|1|19970926024618|3359|34240|34260
data\rules.rps|1|1|19970926024618|3400|34260|34280
data\shadow.col|1|1|19970926024618|1192|34280|34300
data\Shang Cavalry.ai|1|1|19970926024618|3295|34300|34320
data\Shang Clubmen.ai|1|1|19970926024618|3397|34320|34340
data\Shang Heavy Cavalry.ai|1|1|19970926024618|3401|34340|34360
data\sounds.drs|1|1|19970926024620|4539177|34360|37140
data\Sumeria Catapults.ai|1|1|19970926024622|3484|37140|37160
data\Sumeria Scouts.ai|1|1|19970926024622|3548|37160|37180
data\super aggressive.per|1|1|19970926024622|3754|37180|37200
data\Terrain.drs|1|1|19970926024622|104982|37200|37280
data\TILEEDGE.DAT|1|1|19970926024622|147304|37280|37380
data\Trireme Bronze.ai|1|1|19970926024622|3227|37380|37400
data\Trireme Iron.ai|1|1|19970926024622|3220|37400|37420
data\War Elephant Iron.ai|1|1|19970926024622|2398|37420|37440
data\Yamato Heavy Cavalry.ai|1|1|19970926024622|3410|37440|37460
DATA2\|2|1|20120527142616|1|0|0
DATA2\AGGRESSIVE 3 ATTACKERS.PER|1|1|20031104135004|3756|37460|37480
DATA2\AGGRESSIVE NO DEFEND.PER|1|1|20031104135012|3756|37480|37500
DATA2\AGGRESSIVE.PER|1|1|20031104135018|3756|37500|37520
DATA2\AOE.PLY|1|1|20040412193802|4192|37520|37540
DATA2\ARCHERS BRONZE.AI|1|1|20031105131508|2863|37540|37560
DATA2\ARCHERS IRON.AI|1|1|20031105131528|2865|37560|37580
DATA2\ASSYRIA ARCHER BRONZE.AI|1|1|20031105131642|2238|37580|37600
DATA2\ASSYRIA ARCHER IRON.AI|1|1|20031105131650|2240|37600|37620
DATA2\ASSYRIA BALLISTA.AI|1|1|20031105131656|2240|37620|37640
DATA2\ASSYRIA BOWMEN.AI|1|1|20031105131702|2240|37640|37660
DATA2\ASSYRIA BRONZE WATER.AI|1|1|19980520115400|3501|37660|37680
DATA2\ASSYRIA DESTROYER(0).AI|1|1|20030916090512|5688|37680|37700
DATA2\ASSYRIA INFANTRY BRONZE.AI|1|1|20031105131712|2240|37700|37720
DATA2\ASSYRIA IRON WATER.AI|1|1|19980520115400|3169|37720|37740
DATA2\BABYLON SCOUTS.AI|1|1|20031105131738|2827|37740|37760
DATA2\BABYLON SLINGERS.AI|1|1|20030304132712|4936|37760|37780
DATA2\BABYLON SWORDSMEN.AI|1|1|20031105131750|2829|37780|37800
DATA2\BABYLON WATER.AI|1|1|19980520115400|4445|37800|37820
DATA2\BlkEdge.Dat|1|1|19980520115400|56631|37820|37860
DATA2\CARTHAGE BRONZE WATER.AI|1|1|19980520115400|3360|37860|37880
DATA2\CARTHAGE IRON WATER.AI|1|1|19980520115400|3510|37880|37900
DATA2\CARTHAGE PHALANX.AI|1|1|20031105131824|2529|37900|37920
DATA2\CARTHAGE WAR ELEPHANT.AI|1|1|20031105131836|2531|37920|37940
DATA2\CAV ARCHER IRON.AI|1|1|20031105131920|2567|37940|37960
DATA2\CAVALRY BRONZE.AI|1|1|20031105132026|2939|37960|37980
DATA2\CAVALRY IRON.AI|1|1|20031105132056|2941|37980|38000
DATA2\CHOSON AXEMEN.AI|1|1|20031105132120|3024|38000|38020
DATA2\CHOSON BRONZE WATER.AI|1|1|19980520115400|4122|38020|38040
DATA2\CHOSON IRON WATER.AI|1|1|19980520115400|4510|38040|38060
DATA2\CHOSON PRIESTS.AI|1|1|20031105132132|3026|38060|38080
DATA2\CHOSON SWORDSMEN.AI|1|1|20031105132138|3026|38080|38100
DATA2\CLOSEDPW.EXE|1|1|19980520115400|29184|38100|38120
DATA2\DEATH MATCH ASSYRIA WATER.AI|1|1|19980520115400|3483|38120|38140
DATA2\DEATH MATCH ASSYRIA.AI|1|1|19980520115400|3248|38140|38160
DATA2\DEATH MATCH BABYLON WATER.AI|1|1|19980520115400|3923|38160|38180
DATA2\DEATH MATCH BABYLON.AI|1|1|19980520115400|3884|38180|38200
DATA2\DEATH MATCH CARTHAGE WATER.AI|1|1|19980520115400|2857|38200|38220
DATA2\DEATH MATCH CARTHAGE.AI|1|1|19980520115400|2704|38220|38240
DATA2\DEATH MATCH CHOSON WATER.AI|1|1|19980520115400|3996|38240|38260
DATA2\DEATH MATCH CHOSON.AI|1|1|19980520115400|4239|38260|38280
DATA2\DEATH MATCH EGYPT WATER.AI|1|1|19980520115400|4401|38280|38300
DATA2\DEATH MATCH EGYPT.AI|1|1|19980520115400|4052|38300|38320
DATA2\DEATH MATCH GREEK WATER.AI|1|1|19980520115400|3923|38320|38340
DATA2\DEATH MATCH GREEK.AI|1|1|19980520115400|3418|38340|38360
DATA2\DEATH MATCH HITTITE WATER.AI|1|1|19980520115400|2916|38360|38380
DATA2\DEATH MATCH HITTITE.AI|1|1|19980520115400|2966|38380|38400
DATA2\DEATH MATCH MACEDON WATER.AI|1|1|19980520115400|3680|38400|38420
DATA2\DEATH MATCH MACEDON.AI|1|1|19980520115400|2922|38420|38440
DATA2\DEATH MATCH MINOA WATER.AI|1|1|19980520115400|2778|38440|38460
DATA2\DEATH MATCH MINOA.AI|1|1|19980520115400|2812|38460|38480
DATA2\DEATH MATCH PALMYRA WATER.AI|1|1|19980520115400|3455|38480|38500
DATA2\DEATH MATCH PALMYRA.AI|1|1|19980520115400|2991|38500|38520
DATA2\DEATH MATCH PERSIA WATER.AI|1|1|19980520115400|3728|38520|38540
DATA2\DEATH MATCH PERSIA.AI|1|1|19980520115400|3663|38540|38560
DATA2\DEATH MATCH PHOENICIA WATER.AI|1|1|19980520115400|3593|38560|38580
DATA2\DEATH MATCH PHOENICIA.AI|1|1|19980520115400|3680|38580|38600
DATA2\DEATH MATCH ROME WATER.AI|1|1|19980520115400|4095|38600|38620
DATA2\DEATH MATCH ROME.AI|1|1|19980520115400|3788|38620|38640
DATA2\DEATH MATCH SHANG WATER.AI|1|1|19980520115400|3629|38640|38660
DATA2\DEATH MATCH SHANG.AI|1|1|19980520115400|3679|38660|38680
DATA2\DEATH MATCH SUMERIA WATER.AI|1|1|19980520115400|3190|38680|38700
DATA2\DEATH MATCH SUMERIA.AI|1|1|19980520115400|2699|38700|38720
DATA2\DEATH MATCH YAMATO WATER.AI|1|1|19980520115400|3889|38720|38740
DATA2\DEATH MATCH YAMATO.AI|1|1|19980520115400|3153|38740|38760
DATA2\Default.ai|1|1|19980520115400|7170|38760|38780
DATA2\Default.cty|1|1|19980520115400|11000|38780|38800
DATA2\DEFAULT.PER|1|1|19980520115400|58|38800|38820
DATA2\DEFENSIVE.PER|1|1|20031104135044|3756|38820|38840
DATA2\Dich\|2|1|20120527142418|1|0|0
DATA2\Dich\AGGRESSIVE 3 ATTACKERS.doc|1|1|20031005134150|24066|38840|38860
DATA2\Dich\Cac ban da chinh sua.txt|1|1|20031011232612|89|38860|38880
DATA2\Dich\Rules.doc|1|1|20031005131600|26114|38880|38900
DATA2\EGYPT ARCHERS BRONZE.AI|1|1|20031108212032|2522|38900|38920
DATA2\EGYPT ARCHERS IRON.AI|1|1|20031105132248|2524|38920|38940
DATA2\EGYPT CHARIOT ARCHER.AI|1|1|20031105132256|2524|38940|38960
DATA2\EGYPT CHARIOTS.AI|1|1|20031105132302|2524|38960|38980
DATA2\EGYPT DESTROYER(0).AI|1|1|20040321231806|8358|38980|39000
DATA2\EGYPT WAR ELEPHANTS.AI|1|1|20031105132308|2524|39000|39020
DATA2\EGYPT WATER.AI|1|1|19980520115400|3533|39020|39040
DATA2\ELEPHANT ARCHER IRON.AI|1|1|20031105132402|3234|39040|39060
DATA2\EMPIRES.DAT|1|1|19980520115400|265983|39060|39240
DATA2\FIRE GALLEY BRONZE.AI|1|1|19980520115400|3003|39240|39260
DATA2\FIRE GALLEY IRON.AI|1|1|19980520115400|3006|39260|39280
DATA2\GRAPHICS.DRS|1|1|19980520115400|5606663|39280|42720
DATA2\GREEK BRONZE WATER.AI|1|1|19980520115400|3337|42720|42740
DATA2\GREEK DESTROYER(0).AI|1|1|20030919001102|10930|42740|42760
DATA2\GREEK IRON WATER.AI|1|1|19980520115400|3462|42760|42780
DATA2\GREEK PHALANX.AI|1|1|20031105132502|3116|42780|42800
DATA2\GREEK PRIESTS.AI|1|1|20031105132516|3118|42800|42820
DATA2\GREEK SIEGE.AI|1|1|20031105132522|3118|42820|42840
DATA2\HITTITE BOWMEN.AI|1|1|20031105132626|2513|42840|42860
DATA2\HITTITE ELEPHANT.AI|1|1|20031105132644|2515|42860|42880
DATA2\HITTITE HORSE ARCHERS.AI|1|1|20031105132652|2515|42880|42900
DATA2\HITTITE WATER.AI|1|1|19980520115400|3148|42900|42920
DATA2\IMMORTAL ASSYRIA.AI|1|1|20031105132718|2242|42920|42940
DATA2\IMMORTAL EGYPT.AI|1|1|20040321231606|2523|42940|42960
DATA2\IMMORTAL GREEK.AI|1|1|20040321231316|3120|42960|42980
DATA2\IMMORTAL MINOA.AI|1|1|20031105230956|2869|42980|43000
DATA2\IMMORTAL PHOENICIA.AI|1|1|20031105133922|2763|43000|43020
DATA2\IMMORTAL SUMERIA.AI|1|1|20031105133030|2435|43020|43040
DATA2\IMMORTAL YAMATO.AI|1|1|20031105133058|2536|43040|43060
DATA2\INFANTRY BRONZE.AI|1|1|20031105230838|3261|43060|43080
DATA2\INFANTRY STONE.AI|1|1|20031105230852|3263|43080|43100
DATA2\INFANTRY TOOL.AI|1|1|20031105230910|3263|43100|43120
DATA2\Interfac.drs|1|1|19980520115400|6613131|43120|47160
DATA2\LIST.CR|1|1|19980520115400|7836|47160|47180
DATA2\MACEDON BRONZE WATER.AI|1|1|19980520115400|3505|47180|47200
DATA2\MACEDON CAVALRY.AI|1|1|20031105133224|2609|47200|47220
DATA2\MACEDON ELEPHANT.AI|1|1|20031105133252|2611|47220|47240
DATA2\MACEDON IRON WATER.AI|1|1|19980520115400|3259|47240|47260
DATA2\MACEDON PHALANX.AI|1|1|20031105133300|2611|47260|47280
DATA2\MINOA BRONZE WATER.AI|1|1|19980520115400|3254|47280|47300
DATA2\MINOA COMPOSITE BOWMEN.AI|1|1|20031105133328|2775|47300|47320
DATA2\MINOA IRON WATER.AI|1|1|19980520115400|3267|47320|47340
DATA2\PALMYRA BRONZE WATER.AI|1|1|19980520115400|3151|47340|47360
DATA2\PALMYRA COMPOSITE BOW.AI|1|1|20031108110846|2476|47360|47380
DATA2\PALMYRA DESTROYER(0).AI|1|1|20030922154838|10328|47380|47400
DATA2\PALMYRA DESTROYER.AI|1|1|20030915133954|3456|47400|47420
DATA2\PALMYRA ELEPHANT.AI|1|1|20031108110858|2476|47420|47440
DATA2\PALMYRA HORSE ARCHER.AI|1|1|20031108110936|2569|47440|47460
DATA2\PALMYRA IRON WATER.AI|1|1|19980520115400|3508|47460|47480
DATA2\PASSIVE AGGRESSIVE.PER|1|1|20031104135102|3756|47480|47500
DATA2\PASSIVE.PER|1|1|19980520115400|5260|47500|47520
DATA2\PERSIA BRONZE WATER.AI|1|1|19980520115400|4349|47520|47540
DATA2\PERSIA DESTROYER(0).AI|1|1|20031001132648|9772|47540|47560
DATA2\PERSIA ELEPHANT ARCHERS.AI|1|1|20031105133616|2781|47560|47580
DATA2\PERSIA IRON WATER.AI|1|1|19980520115400|3347|47580|47600
DATA2\PERSIA PRIESTS.AI|1|1|20031105133638|2783|47600|47620
DATA2\PERSIA WAR ELEPHANT.AI|1|1|20031105133654|2783|47620|47640
DATA2\PHALANX BRONZE.AI|1|1|20031105133738|2629|47640|47660
DATA2\PHALANX IRON.AI|1|1|20031105133848|3484|47660|47680
DATA2\PHOENICIA ELEPHANTS.AI|1|1|20031105133952|2377|47680|47700
DATA2\PHOENICIA WATER.AI|1|1|19980520115400|3952|47700|47720
DATA2\PRIEST BRONZE.AI|1|1|20031101151602|2480|47720|47740
DATA2\PRIEST IRON.AI|1|1|20031101233748|2717|47740|47760
DATA2\ROME AXEMEN.AI|1|1|20040415153812|3521|47760|47780
DATA2\ROME BRONZE WATER.AI|1|1|19980520115400|3747|47780|47800
DATA2\ROME DESTROYER(0).AI|1|1|20030916220854|5688|47800|47820
DATA2\ROME IRON WATER.AI|1|1|19980520115400|3166|47820|47840
DATA2\ROME LEGION.AI|1|1|20040415153906|3521|47840|47860
DATA2\ROME SIEGE.AI|1|1|20040415153844|3519|47860|47880
DATA2\RULES.RPS|1|1|19980520115400|3400|47880|47900
DATA2\SHADOW.COL|1|1|19980520115400|1192|47900|47920
DATA2\SHANG CAVALRY.AI|1|1|20031105134118|2306|47920|47940
DATA2\SHANG CLUBMEN.AI|1|1|20031105134132|2308|47940|47960
DATA2\SHANG HEAVY CAVALRY.AI|1|1|20031105134144|2308|47960|47980
DATA2\SHANG WATER.AI|1|1|19980520115400|3138|47980|48000
DATA2\SOUNDS.DRS|1|1|19980520115400|2159122|48000|49320
DATA2\SUMERIA BRONZE WATER.AI|1|1|19980520115400|3016|49320|49340
DATA2\SUMERIA CATAPULTS.AI|1|1|20031105134202|2431|49340|49360
DATA2\SUMERIA CHARIOTS.AI|1|1|20031105134216|2433|49360|49380
DATA2\SUMERIA IRON WATER.AI|1|1|19980520115400|3396|49380|49400
DATA2\SUMERIA SCOUTS.AI|1|1|20031105134240|2433|49400|49420
DATA2\SUPER AGGRESSIVE.PER|1|1|19980520115400|3754|49420|49440
DATA2\TileEdge.Dat|1|1|19980520115400|142702|49440|49540
DATA2\TRIREME BRONZE.AI|1|1|19980520115400|3583|49540|49560
DATA2\TRIREME IRON.AI|1|1|19980520115400|3839|49560|49580
DATA2\WAR ELEPHANT IRON.AI|1|1|20031105134336|2488|49580|49600
DATA2\YAMATO BRONZE WATER.AI|1|1|19980520115400|3603|49600|49620
DATA2\YAMATO HEAVY CAVALRY.AI|1|1|20031105134350|2538|49620|49640
DATA2\YAMATO IRON WATER.AI|1|1|19980520115400|3597|49640|49660
Empires.exe|1|1|19980120173914|1622016|49660|50660
empires.GID|1|1|20050105114146|16826|50660|50680
EMPIRES.HLP|1|1|19970926024534|2795915|50680|52400
EMPIRESX.BAK|1|1|20031120105130|1513984|52400|53340
EMPIRESX.EXE|1|1|20050415090916|1592320|53340|54320
EULA.RTF|1|1|19980520115400|33409|54320|54360
eula.txt|1|1|19970926024536|16208|54360|54380
ExWE.dll|1|1|20050415091944|192512|54380|54500
game0.nfo|1|1|19980120173914|154|54500|54520
game1.nfo|1|1|19980120173914|12|54520|54540
game10.nfo|1|1|20000605150638|12|54540|54560
game11.nfo|1|1|20000515171658|12|54560|54580
game12.nfo|1|1|19990913205128|12|54580|54600
game13.nfo|1|1|20010614194932|12|54600|54620
game14.nfo|1|1|20010619211056|12|54620|54640
game15.nfo|1|1|20000825171408|12|54640|54660
game16.nfo|1|1|20010704004440|12|54660|54680
game17.nfo|1|1|20010724121510|12|54680|54700
game18.nfo|1|1|20010725234748|12|54700|54720
game19.nfo|1|1|20010810041856|12|54720|54740
game2.nfo|1|1|19980120173914|12|54740|54760
game20.nfo|1|1|20010923234258|1980|54760|54780
game21.nfo|1|1|20011106044314|12|54780|54800
game22.nfo|1|1|19990117164140|674|54800|54820
game23.nfo|1|1|20030109213748|12|54820|54840
game24.nfo|1|1|20030129150022|12|54840|54860
game25.nfo|1|1|20030821161632|239|54860|54880
game3.nfo|1|1|20011017095906|12|54880|54900
game4.nfo|1|1|19990831044722|12|54900|54920
game5.nfo|1|1|19991123142744|12|54920|54940
game6.nfo|1|1|20000227151632|12|54940|54960
game7.nfo|1|1|20000311173346|12|54960|54980
game8.nfo|1|1|20000406111816|12|54980|55000
game9.nfo|1|1|20000405235654|12|55000|55020
HintGame.lss|1|1|20120208003826|116|55020|55040
HintGame.rte|1|1|20120208003857|33|55040|55060
Import.reg|1|1|20110425184523|327|55060|55080
install.bat|1|1|19971005141544|338|55080|55100
install.PIF|1|1|20040308224700|967|55100|55120
language.dll|1|1|19980120173914|174080|55120|55240
languagex.dll|1|1|19980120173914|160256|55240|55340
learn\|2|1|20120527142616|1|0|0
learn\Default.uh|1|1|20040311133908|13|55340|55360
learn\hieu anh.uh|1|1|20090205224512|6|55360|55380
learn\Learn.txt|1|1|19970926024622|11|55380|55400
learn\long.uh|1|1|20010528161220|20|55400|55420
learn\Shortcut to Empires.lnk|1|1|20031120094834|325|55420|55440
learn\than chet everl.uh|1|1|20010829095102|6|55440|55460
learn\thanh.uh|1|1|20010321110124|19|55460|55480
learn\Tuanna.uh|1|1|20010312023550|11|55480|55500
learn\yigyghcv.uh|1|1|20010829103214|24|55500|55520
mapdefault.bmp|1|1|19970926024536|175662|55520|55640
New Text Document.txt|1|1|20030712200436|0|55640|55640
Readmex.doc|1|1|19980520115400|33282|55640|55680
RoRCrk.exe|1|1|19980520115400|24432|55680|55700
scenario\|2|1|20120527142617|1|0|0
scenario\AAAA - TRAIN(00).scx|1|1|20030916100140|25479|55700|55720
scenario\AAAA - TRAIN(01).scx|1|1|20030915152540|82731|55720|55780
scenario\AAAA - TRAIN(02).scx|1|1|20030922161144|90823|55780|55840
scenario\AAAA - TRAIN(03).scx|1|1|20030921131312|91170|55840|55900
scenario\default0.scx|1|1|20040321233146|89991|55900|55960
scenario\FOXUSER.DBF|1|1|20030920181144|857|55960|55980
scenario\FOXUSER.FPT|1|1|20030920181144|4608|55980|56000
scenario\Multiplayer Border Patrol (4-Player only).scn|1|1|19970926024624|75969|56000|56060
scenario\Multiplayer Border Patrol (8-Player only).scn|1|1|19970926024624|75831|56060|56120
scenario\Multiplayer Come and Get Me (4-Player only).scn|1|1|19970926024624|52712|56120|56160
scenario\Multiplayer Come and Get Me (8-Player only).scn|1|1|19970926024624|53066|56160|56200
scenario\Multiplayer Crossroads (4-Player maximum).scn|1|1|19970926024624|59372|56200|56240
scenario\Multiplayer Crossroads (8-Player only).scn|1|1|19970926024624|56981|56240|56280
scenario\Multiplayer Cutthroat (4-Player only).scx|1|1|20010829103250|520|56280|56300
scenario\Multiplayer Cutthroat (8-Player only).scn|1|1|19970926024624|44742|56300|56340
scenario\Multiplayer Gold Rush (4-Player maximum).scn|1|1|19970926024624|45978|56340|56380
scenario\Multiplayer Gold Rush (8-Player maximum).scn|1|1|19970926024624|46578|56380|56420
scenario\Multiplayer Hill Country (4-Player maximum).scn|1|1|19970926024624|76995|56420|56480
scenario\Multiplayer Hill Country (8-Player maximum).scn|1|1|19970926024624|78465|56480|56540
scenario\Multiplayer Hostile Lands (8-Player maximum).scn|1|1|19970926024624|55635|56540|56580
scenario\Multiplayer Intruder (2-Player only).scn|1|1|19970926024624|36494|56580|56620
scenario\Multiplayer Marooned (4-Player only).scn|1|1|19970926024624|41140|56620|56660
scenario\Multiplayer Marooned (8-Player only).scx|1|1|20010829103406|41487|56660|56700
scenario\Multiplayer Oasis (4-Player maximum).scn|1|1|19970926024624|65911|56700|56760
scenario\Multiplayer Oasis (8-Player only).scn|1|1|19970926024624|66085|56760|56820
scenario\Multiplayer Passes (4-Player maximum).scn|1|1|19970926024624|48885|56820|56860
scenario\Multiplayer Passes (8-Player only).scn|1|1|19970926024624|49266|56860|56900
scenario\Multiplayer Pathfinder (4-Player only).scn|1|1|19970926024624|39814|56900|56940
scenario\Multiplayer Pathfinder (8-Player only).scn|1|1|19970926024624|40105|56940|56980
scenario\Multiplayer Rising Tide (4-Player only).scn|1|1|19970926024624|38045|56980|57020
scenario\Multiplayer Rising Tide (8-Player only).scn|1|1|19970926024626|38919|57020|57060
scenario\scenario.inf|1|1|20090205224512|14600|57060|57080
scenario\The Destroyer on the sea.scx|1|1|20030214164214|25486|57080|57100
scenario\The Sun on SAHARA.scx|1|1|20021224151548|122853|57100|57180
scenario\Thu nghiem.scx|1|1|20030919155406|53105|57180|57220
setup.exe|1|1|19970925033348|32768|57220|57240
SETUPENU.DLL|1|1|19970925124810|2662400|57240|58880
SETUPEXP.DLL|1|1|19980120173914|2396160|58880|60360
SETUPREG.EXE|1|1|19980120173914|31232|60360|60380
sound\|2|1|20120527142611|1|0|0
sound\BIRD.WAV|1|1|19970926024626|62118|60380|60420
sound\BIRDS1.WAV|1|1|19970926024626|171572|60420|60540
sound\desert1.WAV|1|1|19970926024626|28862|60540|60560
sound\desert2.WAV|1|1|19970926024626|127266|60560|60640
sound\desert3.wav|1|1|19970926024626|173800|60640|60760
sound\desert4.WAV|1|1|19970926024626|162038|60760|60860
sound\forest1.wav|1|1|19970926024626|67890|60860|60920
sound\Forest2.WAV|1|1|19970926024626|51556|60920|60960
sound\Forest3.WAV|1|1|19970926024626|168054|60960|61080
sound\forest4.WAV|1|1|19970926024626|114910|61080|61160
sound\Grass2.WAV|1|1|19970926024626|66558|61160|61220
sound\grass3.WAV|1|1|19970926024626|147476|61220|61320
sound\LAKE1.WAV|1|1|19970926024626|214656|61320|61460
sound\ocean1.wav|1|1|19970926024628|129142|61460|61540
sound\ocean2.wav|1|1|19970926024628|63352|61540|61580
sound\ocean3.WAV|1|1|19970926024628|98400|61580|61660
sound\ocean4.WAV|1|1|19970926024628|168048|61660|61780
sound\ocean5.WAV|1|1|19970926024628|168048|61780|61900
sound\OPEN.MID|1|1|19970926024628|8151|61900|61920
sound\stream2.wav|1|1|19970926024628|67472|61920|61980
sound\Taunt001.wav|1|1|19970926024628|19512|61980|62000
sound\Taunt002.wav|1|1|19970926024628|18808|62000|62020
sound\Taunt003.wav|1|1|19970926024628|30496|62020|62040
sound\Taunt004.wav|1|1|19970926024628|66552|62040|62100
sound\Taunt005.wav|1|1|19970926024628|31600|62100|62120
sound\Taunt006.wav|1|1|19970926024628|39222|62120|62160
sound\Taunt007.wav|1|1|19970926024628|36344|62160|62200
sound\TAUNT008.wav|1|1|19970926024628|43198|62200|62240
sound\TAUNT009.wav|1|1|19970926024628|198110|62240|62380
sound\Taunt010.wav|1|1|19970926024628|52690|62380|62420
sound\TAUNT011.wav|1|1|19970926024628|194086|62420|62540
sound\taunt012.wav|1|1|19970926024628|41454|62540|62580
sound\taunt013.wav|1|1|19970926024628|40056|62580|62620
sound\taunt014.wav|1|1|19970926024628|70472|62620|62680
sound\Taunt015.wav|1|1|19970926024628|42026|62680|62720
sound\TAUNT016.wav|1|1|19970926024628|57312|62720|62760
sound\TAUNT017.wav|1|1|19970926024628|39264|62760|62800
sound\TAUNT018.wav|1|1|19970926024628|59024|62800|62840
sound\Taunt019.wav|1|1|19970926024630|78852|62840|62900
sound\Taunt020.wav|1|1|19970926024630|74054|62900|62960
sound\Taunt021.wav|1|1|19970926024630|47026|62960|63000
sound\Taunt022.wav|1|1|19970926024630|72762|63000|63060
sound\Taunt023.wav|1|1|19970926024630|23992|63060|63080
sound\Taunt024.wav|1|1|19970926024630|45968|63080|63120
sound\Taunt025.wav|1|1|19970926024630|45446|63120|63160
sound\wind1.WAV|1|1|19970926024630|55818|63160|63200
sound\wind2.wav|1|1|19970926024630|29688|63200|63220
Uninstx.Exe|1|1|19980520115400|282682|63220|63400
UPDATE.DOC|1|1|19980520115400|16386|63400|63420
WEData\|2|1|20120527142616|1|0|0
WEData\9x\|2|1|20120527142356|1|0|0
WEData\9x\dplayx.dll|1|1|20020501185136|225280|63420|63560
WEData\nt\|2|1|20120527142544|1|0|0
WEData\nt\dplayx.dll|1|1|20020501185136|213504|63560|63700
WEData\TCF.CFG|1|1|20050415092308|47|63700|63720
WEData\更新记录.txt|1|1|20050415093152|1320|63720|63740
WEData\使用方法.txt|1|1|20050415093418|698|63740|63760
WEData\说明.txt|1|1|20050415093710|1313|63760|63780
XHell.nfo|1|1|19980520115400|1964|63780|63800
