avi\|2|1|20120527142424|1|0|0
avi\Logo1.avi|1|1|19980520115400|2378752|772392|772976
avi\Thumbs.db|1|1|20070530222702|3584|772976|772984
campaign\|2|1|20120527142443|1|0|0
campaign\Ascent of Egypt Learning Campaign.cpn|1|1|19970926024536|1315091|772984|773312
campaign\EXPANSION 1 RISE OF ROME.CPX|1|1|19980520115400|1062706|773312|773576
campaign\EXPANSION 2 AVE CAESAR.CPX|1|1|19980520115400|604455|773576|773728
campaign\EXPANSION 3 PAX ROMANA.CPX|1|1|19980520115400|733906|773728|773912
campaign\EXPANSION ENEMIES OF ROME.CPX|1|1|19980520115400|700246|773912|774088
campaign\Glory of Greece.cpn|1|1|19970926024538|987900|774088|774336
campaign\Voices of Babylon.cpn|1|1|19970926024538|895236|774336|774560
campaign\Yamato Empire of the Rising Sun.cpn|1|1|19970926024540|962575|774560|774800
data\|2|1|20120527142616|1|0|0
data\aggressive 3 attackers.per|1|1|19970926024540|2635|774800|774808
data\aggressive no defend.per|1|1|19970926024540|3754|774808|774816
data\aggressive.per|1|1|19970926024540|3754|774816|774824
data\aoe.ply|1|1|19970926024540|4189|774824|774832
data\Archers Bronze.ai|1|1|19970926024540|2885|774832|774840
data\Archers Iron.ai|1|1|19970926024540|3314|774840|774848
data\Assyria Ballista.ai|1|1|19970926024540|2902|774848|774856
data\Assyria Bowmen.ai|1|1|19970926024540|3095|774856|774864
data\Babylon Scouts.ai|1|1|19970926024540|3784|774864|774872
data\Babylon Swordsmen.ai|1|1|19970926024540|3467|774872|774880
data\Border.drs|1|1|19970926024540|269138|774880|774952
data\Cav Archer Iron.ai|1|1|19970926024540|2911|774952|774960
data\Cavalry Bronze.ai|1|1|19970926024540|2960|774960|774968
data\Cavalry Iron.ai|1|1|19970926024540|2503|774968|774976
data\Choson Axemen.ai|1|1|19970926024540|3858|774976|774984
data\Choson Swordsmen.ai|1|1|19970926024540|3550|774984|774992
data\closedpw.exe|1|1|19970926024540|29184|774992|775000
data\Death Match Assyria.ai|1|1|19970926024540|3382|775000|775008
data\Death Match Babylon.ai|1|1|19970926024540|3686|775008|775016
data\Death Match Choson.ai|1|1|19970926024540|3435|775016|775024
data\Death Match Egypt.ai|1|1|19970926024540|3758|775024|775032
data\Death Match Greek.ai|1|1|19970926024540|3789|775032|775040
data\Death Match Hittite.ai|1|1|19970926024540|3118|775040|775048
data\Death Match Minoa.ai|1|1|19970926024540|3104|775048|775056
data\Death Match Persia.ai|1|1|19970926024540|3984|775056|775064
data\Death Match Phoenicia.ai|1|1|19970926024540|4005|775064|775072
data\Death Match Shang.ai|1|1|19970926024540|3478|775072|775080
data\Death Match Sumeria.ai|1|1|19970926024540|3125|775080|775088
data\Death Match Yamato.ai|1|1|19970926024540|3615|775088|775096
data\Default.cty|1|1|19970926024540|11000|775096|775104
data\Default.per|1|1|19970926024540|58|775104|775112
data\Defensive.per|1|1|19970926024540|4257|775112|775120
data\Egypt Chariots.ai|1|1|19970926024540|3243|775120|775128
data\Egypt War Elephants.ai|1|1|19970926024540|3116|775128|775136
data\Elephant Archer Iron.ai|1|1|19970926024540|3165|775136|775144
data\Empires.dat|1|1|19970926024540|181610|775144|775192
data\graphics.drs|1|1|19970926024552|16871914|775192|779312
data\Greek Phalanx.ai|1|1|19970926024554|3115|779312|779320
data\Hittite Bowmen.ai|1|1|19970926024554|3184|779320|779328
data\Hittite Horse Archers.ai|1|1|19970926024554|2991|779328|779336
data\Immortal Assyria.ai|1|1|20040310103228|2244|779336|779344
data\Immortal Egypt.ai|1|1|20040310103152|2518|779344|779352
data\Immortal Greek.ai|1|1|19970926024556|3366|779352|779360
data\Immortal Minoa.ai|1|1|19970926024556|4301|779360|779368
data\Immortal Sumeria.ai|1|1|19970926024556|3396|779368|779376
data\Immortal Yamato.ai|1|1|20040310103348|2538|779376|779384
data\Infantry Bronze.ai|1|1|19970926024556|3581|779384|779392
data\Infantry Stone.ai|1|1|19970926024556|3294|779392|779400
data\Infantry Tool.ai|1|1|19970926024556|3671|779400|779408
data\Interfac.drs|1|1|19970926024616|26925693|779408|785984
data\list.cr|1|1|19970926024618|4172|785984|785992
data\Minoa Composite bowmen.ai|1|1|19970926024618|3959|785992|786000
data\Passive Aggressive.per|1|1|19970926024618|513|786000|786008
data\Passive.per|1|1|19970926024618|5260|786008|786016
data\Persia Elephant Archers.ai|1|1|20040310103442|2783|786016|786024
data\Phalanx Bronze.ai|1|1|19970926024618|3239|786024|786032
data\Phalanx Iron.ai|1|1|19970926024618|3266|786032|786040
data\Phoenicia Elephants.ai|1|1|19970926024618|3633|786040|786048
data\Priest Bronze.ai|1|1|19970926024618|3223|786048|786056
data\Priest Iron.ai|1|1|19970926024618|3359|786056|786064
data\rules.rps|1|1|19970926024618|3400|786064|786072
data\shadow.col|1|1|19970926024618|1192|786072|786080
data\Shang Cavalry.ai|1|1|19970926024618|3295|786080|786088
data\Shang Clubmen.ai|1|1|19970926024618|3397|786088|786096
data\Shang Heavy Cavalry.ai|1|1|19970926024618|3401|786096|786104
data\sounds.drs|1|1|19970926024620|4539177|786104|787216
data\Sumeria Catapults.ai|1|1|19970926024622|3484|787216|787224
data\Sumeria Scouts.ai|1|1|19970926024622|3548|787224|787232
data\super aggressive.per|1|1|19970926024622|3754|787232|787240
data\Terrain.drs|1|1|19970926024622|104982|787240|787272
data\TILEEDGE.DAT|1|1|19970926024622|147304|787272|787312
data\Trireme Bronze.ai|1|1|19970926024622|3227|787312|787320
data\Trireme Iron.ai|1|1|19970926024622|3220|787320|787328
data\War Elephant Iron.ai|1|1|19970926024622|2398|787328|787336
data\Yamato Heavy Cavalry.ai|1|1|19970926024622|3410|787336|787344
DATA2\|2|1|20120527142616|1|0|0
DATA2\Dich\|2|1|20120527142418|1|0|0
DATA2\Dich\AGGRESSIVE 3 ATTACKERS.doc|1|1|20031005134150|24066|787344|787352
DATA2\Dich\Cac ban da chinh sua.txt|1|1|20031011232612|89|787352|787360
DATA2\Dich\Rules.doc|1|1|20031005131600|26114|787360|787368
DATA2\AGGRESSIVE 3 ATTACKERS.PER|1|1|20031104135004|3756|787368|787376
DATA2\AGGRESSIVE NO DEFEND.PER|1|1|20031104135012|3756|787376|787384
DATA2\AGGRESSIVE.PER|1|1|20031104135018|3756|787384|787392
DATA2\AOE.PLY|1|1|20040412193802|4192|787392|787400
DATA2\ARCHERS BRONZE.AI|1|1|20031105131508|2863|787400|787408
DATA2\ARCHERS IRON.AI|1|1|20031105131528|2865|787408|787416
DATA2\ASSYRIA ARCHER BRONZE.AI|1|1|20031105131642|2238|787416|787424
DATA2\ASSYRIA ARCHER IRON.AI|1|1|20031105131650|2240|787424|787432
DATA2\ASSYRIA BALLISTA.AI|1|1|20031105131656|2240|787432|787440
DATA2\ASSYRIA BOWMEN.AI|1|1|20031105131702|2240|787440|787448
DATA2\ASSYRIA BRONZE WATER.AI|1|1|19980520115400|3501|787448|787456
DATA2\ASSYRIA DESTROYER(0).AI|1|1|20030916090512|5688|787456|787464
DATA2\ASSYRIA INFANTRY BRONZE.AI|1|1|20031105131712|2240|787464|787472
DATA2\ASSYRIA IRON WATER.AI|1|1|19980520115400|3169|787472|787480
DATA2\BABYLON SCOUTS.AI|1|1|20031105131738|2827|787480|787488
DATA2\BABYLON SLINGERS.AI|1|1|20030304132712|4936|787488|787496
DATA2\BABYLON SWORDSMEN.AI|1|1|20031105131750|2829|787496|787504
DATA2\BABYLON WATER.AI|1|1|19980520115400|4445|787504|787512
DATA2\BlkEdge.Dat|1|1|19980520115400|56631|787512|787528
DATA2\CARTHAGE BRONZE WATER.AI|1|1|19980520115400|3360|787528|787536
DATA2\CARTHAGE IRON WATER.AI|1|1|19980520115400|3510|787536|787544
DATA2\CARTHAGE PHALANX.AI|1|1|20031105131824|2529|787544|787552
DATA2\CARTHAGE WAR ELEPHANT.AI|1|1|20031105131836|2531|787552|787560
DATA2\CAV ARCHER IRON.AI|1|1|20031105131920|2567|787560|787568
DATA2\CAVALRY BRONZE.AI|1|1|20031105132026|2939|787568|787576
DATA2\CAVALRY IRON.AI|1|1|20031105132056|2941|787576|787584
DATA2\CHOSON AXEMEN.AI|1|1|20031105132120|3024|787584|787592
DATA2\CHOSON BRONZE WATER.AI|1|1|19980520115400|4122|787592|787600
DATA2\CHOSON IRON WATER.AI|1|1|19980520115400|4510|787600|787608
DATA2\CHOSON PRIESTS.AI|1|1|20031105132132|3026|787608|787616
DATA2\CHOSON SWORDSMEN.AI|1|1|20031105132138|3026|787616|787624
DATA2\CLOSEDPW.EXE|1|1|19980520115400|29184|787624|787632
DATA2\DEATH MATCH ASSYRIA WATER.AI|1|1|19980520115400|3483|787632|787640
DATA2\DEATH MATCH ASSYRIA.AI|1|1|19980520115400|3248|787640|787648
DATA2\DEATH MATCH BABYLON WATER.AI|1|1|19980520115400|3923|787648|787656
DATA2\DEATH MATCH BABYLON.AI|1|1|19980520115400|3884|787656|787664
DATA2\DEATH MATCH CARTHAGE WATER.AI|1|1|19980520115400|2857|787664|787672
DATA2\DEATH MATCH CARTHAGE.AI|1|1|19980520115400|2704|787672|787680
DATA2\DEATH MATCH CHOSON WATER.AI|1|1|19980520115400|3996|787680|787688
DATA2\DEATH MATCH CHOSON.AI|1|1|19980520115400|4239|787688|787696
DATA2\DEATH MATCH EGYPT WATER.AI|1|1|19980520115400|4401|787696|787704
DATA2\DEATH MATCH EGYPT.AI|1|1|19980520115400|4052|787704|787712
DATA2\DEATH MATCH GREEK WATER.AI|1|1|19980520115400|3923|787712|787720
DATA2\DEATH MATCH GREEK.AI|1|1|19980520115400|3418|787720|787728
DATA2\DEATH MATCH HITTITE WATER.AI|1|1|19980520115400|2916|787728|787736
DATA2\DEATH MATCH HITTITE.AI|1|1|19980520115400|2966|787736|787744
DATA2\DEATH MATCH MACEDON WATER.AI|1|1|19980520115400|3680|787744|787752
DATA2\DEATH MATCH MACEDON.AI|1|1|19980520115400|2922|787752|787760
DATA2\DEATH MATCH MINOA WATER.AI|1|1|19980520115400|2778|787760|787768
DATA2\DEATH MATCH MINOA.AI|1|1|19980520115400|2812|787768|787776
DATA2\DEATH MATCH PALMYRA WATER.AI|1|1|19980520115400|3455|787776|787784
DATA2\DEATH MATCH PALMYRA.AI|1|1|19980520115400|2991|787784|787792
DATA2\DEATH MATCH PERSIA WATER.AI|1|1|19980520115400|3728|787792|787800
DATA2\DEATH MATCH PERSIA.AI|1|1|19980520115400|3663|787800|787808
DATA2\DEATH MATCH PHOENICIA WATER.AI|1|1|19980520115400|3593|787808|787816
DATA2\DEATH MATCH PHOENICIA.AI|1|1|19980520115400|3680|787816|787824
DATA2\DEATH MATCH ROME WATER.AI|1|1|19980520115400|4095|787824|787832
DATA2\DEATH MATCH ROME.AI|1|1|19980520115400|3788|787832|787840
DATA2\DEATH MATCH SHANG WATER.AI|1|1|19980520115400|3629|787840|787848
DATA2\DEATH MATCH SHANG.AI|1|1|19980520115400|3679|787848|787856
DATA2\DEATH MATCH SUMERIA WATER.AI|1|1|19980520115400|3190|787856|787864
DATA2\DEATH MATCH SUMERIA.AI|1|1|19980520115400|2699|787864|787872
DATA2\DEATH MATCH YAMATO WATER.AI|1|1|19980520115400|3889|787872|787880
DATA2\DEATH MATCH YAMATO.AI|1|1|19980520115400|3153|787880|787888
DATA2\Default.ai|1|1|19980520115400|7170|787888|787896
DATA2\Default.cty|1|1|19980520115400|11000|787896|787904
DATA2\DEFAULT.PER|1|1|19980520115400|58|787904|787912
DATA2\DEFENSIVE.PER|1|1|20031104135044|3756|787912|787920
DATA2\EGYPT ARCHERS BRONZE.AI|1|1|20031108212032|2522|787920|787928
DATA2\EGYPT ARCHERS IRON.AI|1|1|20031105132248|2524|787928|787936
DATA2\EGYPT CHARIOT ARCHER.AI|1|1|20031105132256|2524|787936|787944
DATA2\EGYPT CHARIOTS.AI|1|1|20031105132302|2524|787944|787952
DATA2\EGYPT DESTROYER(0).AI|1|1|20040321231806|8358|787952|787960
DATA2\EGYPT WAR ELEPHANTS.AI|1|1|20031105132308|2524|787960|787968
DATA2\EGYPT WATER.AI|1|1|19980520115400|3533|787968|787976
DATA2\ELEPHANT ARCHER IRON.AI|1|1|20031105132402|3234|787976|787984
DATA2\EMPIRES.DAT|1|1|19980520115400|265983|787984|788056
DATA2\FIRE GALLEY BRONZE.AI|1|1|19980520115400|3003|788056|788064
DATA2\FIRE GALLEY IRON.AI|1|1|19980520115400|3006|788064|788072
DATA2\GRAPHICS.DRS|1|1|19980520115400|5606663|788072|789448
DATA2\GREEK BRONZE WATER.AI|1|1|19980520115400|3337|789448|789456
DATA2\GREEK DESTROYER(0).AI|1|1|20030919001102|10930|789456|789464
DATA2\GREEK IRON WATER.AI|1|1|19980520115400|3462|789464|789472
DATA2\GREEK PHALANX.AI|1|1|20031105132502|3116|789472|789480
DATA2\GREEK PRIESTS.AI|1|1|20031105132516|3118|789480|789488
DATA2\GREEK SIEGE.AI|1|1|20031105132522|3118|789488|789496
DATA2\HITTITE BOWMEN.AI|1|1|20031105132626|2513|789496|789504
DATA2\HITTITE ELEPHANT.AI|1|1|20031105132644|2515|789504|789512
DATA2\HITTITE HORSE ARCHERS.AI|1|1|20031105132652|2515|789512|789520
DATA2\HITTITE WATER.AI|1|1|19980520115400|3148|789520|789528
DATA2\IMMORTAL ASSYRIA.AI|1|1|20031105132718|2242|789528|789536
DATA2\IMMORTAL EGYPT.AI|1|1|20040321231606|2523|789536|789544
DATA2\IMMORTAL GREEK.AI|1|1|20040321231316|3120|789544|789552
DATA2\IMMORTAL MINOA.AI|1|1|20031105230956|2869|789552|789560
DATA2\IMMORTAL PHOENICIA.AI|1|1|20031105133922|2763|789560|789568
DATA2\IMMORTAL SUMERIA.AI|1|1|20031105133030|2435|789568|789576
DATA2\IMMORTAL YAMATO.AI|1|1|20031105133058|2536|789576|789584
DATA2\INFANTRY BRONZE.AI|1|1|20031105230838|3261|789584|789592
DATA2\INFANTRY STONE.AI|1|1|20031105230852|3263|789592|789600
DATA2\INFANTRY TOOL.AI|1|1|20031105230910|3263|789600|789608
DATA2\Interfac.drs|1|1|19980520115400|6613131|789608|791224
DATA2\LIST.CR|1|1|19980520115400|7836|791224|791232
DATA2\MACEDON BRONZE WATER.AI|1|1|19980520115400|3505|791232|791240
DATA2\MACEDON CAVALRY.AI|1|1|20031105133224|2609|791240|791248
DATA2\MACEDON ELEPHANT.AI|1|1|20031105133252|2611|791248|791256
DATA2\MACEDON IRON WATER.AI|1|1|19980520115400|3259|791256|791264
DATA2\MACEDON PHALANX.AI|1|1|20031105133300|2611|791264|791272
DATA2\MINOA BRONZE WATER.AI|1|1|19980520115400|3254|791272|791280
DATA2\MINOA COMPOSITE BOWMEN.AI|1|1|20031105133328|2775|791280|791288
DATA2\MINOA IRON WATER.AI|1|1|19980520115400|3267|791288|791296
DATA2\PALMYRA BRONZE WATER.AI|1|1|19980520115400|3151|791296|791304
DATA2\PALMYRA COMPOSITE BOW.AI|1|1|20031108110846|2476|791304|791312
DATA2\PALMYRA DESTROYER(0).AI|1|1|20030922154838|10328|791312|791320
DATA2\PALMYRA DESTROYER.AI|1|1|20030915133954|3456|791320|791328
DATA2\PALMYRA ELEPHANT.AI|1|1|20031108110858|2476|791328|791336
DATA2\PALMYRA HORSE ARCHER.AI|1|1|20031108110936|2569|791336|791344
DATA2\PALMYRA IRON WATER.AI|1|1|19980520115400|3508|791344|791352
DATA2\PASSIVE AGGRESSIVE.PER|1|1|20031104135102|3756|791352|791360
DATA2\PASSIVE.PER|1|1|19980520115400|5260|791360|791368
DATA2\PERSIA BRONZE WATER.AI|1|1|19980520115400|4349|791368|791376
DATA2\PERSIA DESTROYER(0).AI|1|1|20031001132648|9772|791376|791384
DATA2\PERSIA ELEPHANT ARCHERS.AI|1|1|20031105133616|2781|791384|791392
DATA2\PERSIA IRON WATER.AI|1|1|19980520115400|3347|791392|791400
DATA2\PERSIA PRIESTS.AI|1|1|20031105133638|2783|791400|791408
DATA2\PERSIA WAR ELEPHANT.AI|1|1|20031105133654|2783|791408|791416
DATA2\PHALANX BRONZE.AI|1|1|20031105133738|2629|791416|791424
DATA2\PHALANX IRON.AI|1|1|20031105133848|3484|791424|791432
DATA2\PHOENICIA ELEPHANTS.AI|1|1|20031105133952|2377|791432|791440
DATA2\PHOENICIA WATER.AI|1|1|19980520115400|3952|791440|791448
DATA2\PRIEST BRONZE.AI|1|1|20031101151602|2480|791448|791456
DATA2\PRIEST IRON.AI|1|1|20031101233748|2717|791456|791464
DATA2\ROME AXEMEN.AI|1|1|20040415153812|3521|791464|791472
DATA2\ROME BRONZE WATER.AI|1|1|19980520115400|3747|791472|791480
DATA2\ROME DESTROYER(0).AI|1|1|20030916220854|5688|791480|791488
DATA2\ROME IRON WATER.AI|1|1|19980520115400|3166|791488|791496
DATA2\ROME LEGION.AI|1|1|20040415153906|3521|791496|791504
DATA2\ROME SIEGE.AI|1|1|20040415153844|3519|791504|791512
DATA2\RULES.RPS|1|1|19980520115400|3400|791512|791520
DATA2\SHADOW.COL|1|1|19980520115400|1192|791520|791528
DATA2\SHANG CAVALRY.AI|1|1|20031105134118|2306|791528|791536
DATA2\SHANG CLUBMEN.AI|1|1|20031105134132|2308|791536|791544
DATA2\SHANG HEAVY CAVALRY.AI|1|1|20031105134144|2308|791544|791552
DATA2\SHANG WATER.AI|1|1|19980520115400|3138|791552|791560
DATA2\SOUNDS.DRS|1|1|19980520115400|2159122|791560|792088
DATA2\SUMERIA BRONZE WATER.AI|1|1|19980520115400|3016|792088|792096
DATA2\SUMERIA CATAPULTS.AI|1|1|20031105134202|2431|792096|792104
DATA2\SUMERIA CHARIOTS.AI|1|1|20031105134216|2433|792104|792112
DATA2\SUMERIA IRON WATER.AI|1|1|19980520115400|3396|792112|792120
DATA2\SUMERIA SCOUTS.AI|1|1|20031105134240|2433|792120|792128
DATA2\SUPER AGGRESSIVE.PER|1|1|19980520115400|3754|792128|792136
DATA2\TileEdge.Dat|1|1|19980520115400|142702|792136|792176
DATA2\TRIREME BRONZE.AI|1|1|19980520115400|3583|792176|792184
DATA2\TRIREME IRON.AI|1|1|19980520115400|3839|792184|792192
DATA2\WAR ELEPHANT IRON.AI|1|1|20031105134336|2488|792192|792200
DATA2\YAMATO BRONZE WATER.AI|1|1|19980520115400|3603|792200|792208
DATA2\YAMATO HEAVY CAVALRY.AI|1|1|20031105134350|2538|792208|792216
DATA2\YAMATO IRON WATER.AI|1|1|19980520115400|3597|792216|792224
hintGameVer\|2|1|20120703161252|1|0|0
hintGameVer\Game.csv|1|1|20120703161252|3224|792224|792232
hintGameVer\Game.torrent|1|1|20120208003920|48957|792232|792248
hintGameVer\hintGameVer.txt|1|1|20120703161252|14|792248|792256
hintGameVer\SGUFilesInfo.dat|1|1|20120722160620|116480|792256|792288
hintGameVer\SpeedCopySnap.txt|1|1|20120814151520|0|792288|792288
learn\|2|1|20120527142616|1|0|0
learn\Default.uh|1|1|20040311133908|13|792288|792296
learn\hieu anh.uh|1|1|20090205224512|6|792296|792304
learn\Learn.txt|1|1|19970926024622|11|792304|792312
learn\long.uh|1|1|20010528161220|20|792312|792320
learn\Shortcut to Empires.lnk|1|1|20031120094834|325|792320|792328
learn\than chet everl.uh|1|1|20010829095102|6|792328|792336
learn\thanh.uh|1|1|20010321110124|19|792336|792344
learn\Tuanna.uh|1|1|20010312023550|11|792344|792352
learn\yigyghcv.uh|1|1|20010829103214|24|792352|792360
savegame\|2|1|20120814151520|1|0|0
scenario\|2|1|20120527142617|1|0|0
scenario\AAAA - TRAIN(00).scx|1|1|20030916100140|25479|792360|792368
scenario\AAAA - TRAIN(01).scx|1|1|20030915152540|82731|792368|792392
scenario\AAAA - TRAIN(02).scx|1|1|20030922161144|90823|792392|792416
scenario\AAAA - TRAIN(03).scx|1|1|20030921131312|91170|792416|792440
scenario\default0.scx|1|1|20040321233146|89991|792440|792464
scenario\FOXUSER.DBF|1|1|20030920181144|857|792464|792472
scenario\FOXUSER.FPT|1|1|20030920181144|4608|792472|792480
scenario\Multiplayer Border Patrol (4-Player only).scn|1|1|19970926024624|75969|792480|792504
scenario\Multiplayer Border Patrol (8-Player only).scn|1|1|19970926024624|75831|792504|792528
scenario\Multiplayer Come and Get Me (4-Player only).scn|1|1|19970926024624|52712|792528|792544
scenario\Multiplayer Come and Get Me (8-Player only).scn|1|1|19970926024624|53066|792544|792560
scenario\Multiplayer Crossroads (4-Player maximum).scn|1|1|19970926024624|59372|792560|792576
scenario\Multiplayer Crossroads (8-Player only).scn|1|1|19970926024624|56981|792576|792592
scenario\Multiplayer Cutthroat (4-Player only).scx|1|1|20010829103250|520|792592|792600
scenario\Multiplayer Cutthroat (8-Player only).scn|1|1|19970926024624|44742|792600|792616
scenario\Multiplayer Gold Rush (4-Player maximum).scn|1|1|19970926024624|45978|792616|792632
scenario\Multiplayer Gold Rush (8-Player maximum).scn|1|1|19970926024624|46578|792632|792648
scenario\Multiplayer Hill Country (4-Player maximum).scn|1|1|19970926024624|76995|792648|792672
scenario\Multiplayer Hill Country (8-Player maximum).scn|1|1|19970926024624|78465|792672|792696
scenario\Multiplayer Hostile Lands (8-Player maximum).scn|1|1|19970926024624|55635|792696|792712
scenario\Multiplayer Intruder (2-Player only).scn|1|1|19970926024624|36494|792712|792728
scenario\Multiplayer Marooned (4-Player only).scn|1|1|19970926024624|41140|792728|792744
scenario\Multiplayer Marooned (8-Player only).scx|1|1|20010829103406|41487|792744|792760
scenario\Multiplayer Oasis (4-Player maximum).scn|1|1|19970926024624|65911|792760|792784
scenario\Multiplayer Oasis (8-Player only).scn|1|1|19970926024624|66085|792784|792808
scenario\Multiplayer Passes (4-Player maximum).scn|1|1|19970926024624|48885|792808|792824
scenario\Multiplayer Passes (8-Player only).scn|1|1|19970926024624|49266|792824|792840
scenario\Multiplayer Pathfinder (4-Player only).scn|1|1|19970926024624|39814|792840|792856
scenario\Multiplayer Pathfinder (8-Player only).scn|1|1|19970926024624|40105|792856|792872
scenario\Multiplayer Rising Tide (4-Player only).scn|1|1|19970926024624|38045|792872|792888
scenario\Multiplayer Rising Tide (8-Player only).scn|1|1|19970926024626|38919|792888|792904
scenario\scenario.inf|1|1|20090205224512|14600|792904|792912
scenario\The Destroyer on the sea.scx|1|1|20030214164214|25486|792912|792920
scenario\The Sun on SAHARA.scx|1|1|20021224151548|122853|792920|792952
scenario\Thu nghiem.scx|1|1|20030919155406|53105|792952|792968
sound\|2|1|20120527142611|1|0|0
sound\BIRD.WAV|1|1|19970926024626|62118|792968|792984
sound\BIRDS1.WAV|1|1|19970926024626|171572|792984|793032
sound\desert1.WAV|1|1|19970926024626|28862|793032|793040
sound\desert2.WAV|1|1|19970926024626|127266|793040|793072
sound\desert3.wav|1|1|19970926024626|173800|793072|793120
sound\desert4.WAV|1|1|19970926024626|162038|793120|793160
sound\forest1.wav|1|1|19970926024626|67890|793160|793184
sound\Forest2.WAV|1|1|19970926024626|51556|793184|793200
sound\Forest3.WAV|1|1|19970926024626|168054|793200|793248
sound\forest4.WAV|1|1|19970926024626|114910|793248|793280
sound\Grass2.WAV|1|1|19970926024626|66558|793280|793304
sound\grass3.WAV|1|1|19970926024626|147476|793304|793344
sound\LAKE1.WAV|1|1|19970926024626|214656|793344|793400
sound\ocean1.wav|1|1|19970926024628|129142|793400|793432
sound\ocean2.wav|1|1|19970926024628|63352|793432|793448
sound\ocean3.WAV|1|1|19970926024628|98400|793448|793480
sound\ocean4.WAV|1|1|19970926024628|168048|793480|793528
sound\ocean5.WAV|1|1|19970926024628|168048|793528|793576
sound\OPEN.MID|1|1|19970926024628|8151|793576|793584
sound\stream2.wav|1|1|19970926024628|67472|793584|793608
sound\Taunt001.wav|1|1|19970926024628|19512|793608|793616
sound\Taunt002.wav|1|1|19970926024628|18808|793616|793624
sound\Taunt003.wav|1|1|19970926024628|30496|793624|793632
sound\Taunt004.wav|1|1|19970926024628|66552|793632|793656
sound\Taunt005.wav|1|1|19970926024628|31600|793656|793664
sound\Taunt006.wav|1|1|19970926024628|39222|793664|793680
sound\Taunt007.wav|1|1|19970926024628|36344|793680|793696
sound\TAUNT008.wav|1|1|19970926024628|43198|793696|793712
sound\TAUNT009.wav|1|1|19970926024628|198110|793712|793768
sound\Taunt010.wav|1|1|19970926024628|52690|793768|793784
sound\TAUNT011.wav|1|1|19970926024628|194086|793784|793832
sound\taunt012.wav|1|1|19970926024628|41454|793832|793848
sound\taunt013.wav|1|1|19970926024628|40056|793848|793864
sound\taunt014.wav|1|1|19970926024628|70472|793864|793888
sound\Taunt015.wav|1|1|19970926024628|42026|793888|793904
sound\TAUNT016.wav|1|1|19970926024628|57312|793904|793920
sound\TAUNT017.wav|1|1|19970926024628|39264|793920|793936
sound\TAUNT018.wav|1|1|19970926024628|59024|793936|793952
sound\Taunt019.wav|1|1|19970926024630|78852|793952|793976
sound\Taunt020.wav|1|1|19970926024630|74054|793976|794000
sound\Taunt021.wav|1|1|19970926024630|47026|794000|794016
sound\Taunt022.wav|1|1|19970926024630|72762|794016|794040
sound\Taunt023.wav|1|1|19970926024630|23992|794040|794048
sound\Taunt024.wav|1|1|19970926024630|45968|794048|794064
sound\Taunt025.wav|1|1|19970926024630|45446|794064|794080
sound\wind1.WAV|1|1|19970926024630|55818|794080|794096
sound\wind2.wav|1|1|19970926024630|29688|794096|794104
WEData\|2|1|20120527142616|1|0|0
WEData\9x\|2|1|20120527142356|1|0|0
WEData\9x\dplayx.dll|1|1|20020501185136|225280|794104|794160
WEData\nt\|2|1|20120527142544|1|0|0
WEData\nt\dplayx.dll|1|1|20020501185136|213504|794160|794216
WEData\TCF.CFG|1|1|20050415092308|47|794216|794224
WEData\更新记录.txt|1|1|20050415093152|1320|794224|794232
WEData\使用方法.txt|1|1|20050415093418|698|794232|794240
WEData\说明.txt|1|1|20050415093710|1313|794240|794248
aelaunch.dll|1|1|19980120173914|32768|794248|794256
AoEHlp.dll|1|1|19970926024532|32768|794256|794264
comments.txt|1|1|19971005144302|965|794264|794272
CRACK.EXE|1|1|19980513082242|4371|794272|794280
Empires.exe|1|1|19980120173914|1622016|794280|794680
empires.GID|1|1|20050105114146|16826|794680|794688
EMPIRES.HLP|1|1|19970926024534|2795915|794688|795376
EMPIRESX.BAK|1|1|20031120105130|1513984|795376|795752
EMPIRESX.EXE|1|1|20050415090916|1592320|795752|796144
EULA.RTF|1|1|19980520115400|33409|796144|796160
eula.txt|1|1|19970926024536|16208|796160|796168
ExWE.dll|1|1|20050415091944|192512|796168|796216
game0.nfo|1|1|19980120173914|154|796216|796224
game1.nfo|1|1|19980120173914|12|796224|796232
game10.nfo|1|1|20000605150638|12|796232|796240
game11.nfo|1|1|20000515171658|12|796240|796248
game12.nfo|1|1|19990913205128|12|796248|796256
game13.nfo|1|1|20010614194932|12|796256|796264
game14.nfo|1|1|20010619211056|12|796264|796272
game15.nfo|1|1|20000825171408|12|796272|796280
game16.nfo|1|1|20010704004440|12|796280|796288
game17.nfo|1|1|20010724121510|12|796288|796296
game18.nfo|1|1|20010725234748|12|796296|796304
game19.nfo|1|1|20010810041856|12|796304|796312
game2.nfo|1|1|19980120173914|12|796312|796320
game20.nfo|1|1|20010923234258|1980|796320|796328
game21.nfo|1|1|20011106044314|12|796328|796336
game22.nfo|1|1|19990117164140|674|796336|796344
game23.nfo|1|1|20030109213748|12|796344|796352
game24.nfo|1|1|20030129150022|12|796352|796360
game25.nfo|1|1|20030821161632|239|796360|796368
game3.nfo|1|1|20011017095906|12|796368|796376
game4.nfo|1|1|19990831044722|12|796376|796384
game5.nfo|1|1|19991123142744|12|796384|796392
game6.nfo|1|1|20000227151632|12|796392|796400
game7.nfo|1|1|20000311173346|12|796400|796408
game8.nfo|1|1|20000406111816|12|796408|796416
game9.nfo|1|1|20000405235654|12|796416|796424
HintGame.lss|1|1|20120208003826|116|796424|796432
HintGame.rte|1|1|20120208003857|33|796432|796440
Import.reg|1|1|20110425184523|327|796440|796448
install.bat|1|1|19971005141544|338|796448|796456
install.PIF|1|1|20040308224700|967|796456|796464
language.dll|1|1|19980120173914|174080|796464|796512
languagex.dll|1|1|19980120173914|160256|796512|796552
mapdefault.bmp|1|1|19970926024536|175662|796552|796600
New Text Document.txt|1|1|20030712200436|0|796600|796600
Readmex.doc|1|1|19980520115400|33282|796600|796616
RoRCrk.exe|1|1|19980520115400|24432|796616|796624
setup.exe|1|1|19970925033348|32768|796624|796632
SETUPENU.DLL|1|1|19970925124810|2662400|796632|797288
SETUPEXP.DLL|1|1|19980120173914|2396160|797288|797880
SETUPREG.EXE|1|1|19980120173914|31232|797880|797888
Uninstx.Exe|1|1|19980520115400|282682|797888|797960
UPDATE.DOC|1|1|19980520115400|16386|797960|797968
XHell.nfo|1|1|19980520115400|1964|797968|797976
